[2.7507693673418383,
 2.1846397796948516,
 2.1374766680610167,
 2.1312692080401043,
 2.108763495635802,
 2.164371598553527,
 2.0254708253358658,
 2.0470626541923176,
 2.058176825853919,
 2.034086675124685,
 2.2099468113342033,
 2.1779019734244485,
 2.007858328093871,
 2.1394230365387195,
 2.1327806583259448,
 2.0575341452073954,
 2.0519710255843693,
 2.045462743576454,
 2.1156984111113477,
 1.9791267865262177,
 1.914811300003955,
 2.049277196967315,
 2.1190301812468477,
 2.0359481110894255,
 2.0459832339238644,
 1.8989106008753138,
 2.053081217196704,
 1.9544311306886502,
 2.086848758048113,
 1.961904808060079,
 1.859915398744261,
 1.8893862153921226,
 1.8166371176076377,
 1.9023049139976191,
 1.8448955181209914,
 1.825921265990208,
 1.732860194698914,
 1.8991775710662857,
 1.6570795908719096,
 1.799858883006834,
 1.6717563852196708,
 1.6008636804700744,
 1.6969172231797263,
 1.749491773949735,
 1.4926977501787506,
 1.558353742792731,
 1.5914554207663396,
 1.503890862826992,
 1.5274047579537262,
 1.5325891050979161,
 1.4857238250167148,
 1.6876907536405736,
 1.5520324587552095,
 1.587936947774369,
 1.4946304180203007,
 1.343800019738189,
 1.3840281691268483,
 1.464172288944288,
 1.4773920638266966,
 1.3454789188737748,
 1.4412089548143139,
 1.5003376494881995,
 1.4279378753063994,
 1.3899636512266924,
 1.2706199364662796,
 1.3401441736067246,
 1.2752767397209834,
 1.3308500660145177,
 1.1502027745479997,
 1.2175495632718003,
 1.1721310970078163,
 1.1172792441941846,
 1.2520291626415108,
 1.1357738550580192,
 1.1929144191601073,
 0.9991406469586127,
 1.1774854405777937,
 1.0287940426600442,
 0.9966411479932692,
 1.042257178106331,
 0.9772831924490689,
 0.8641681792487123,
 0.8364822413462067,
 0.8602605757471008,
 0.8425142421270205,
 0.9662877827108354,
 0.7413912576852236,
 0.806289058190959,
 0.7810812898510783,
 0.6339725550744405,
 0.6428735323166178,
 0.7387275719572761,
 0.7206395883055791,
 0.5953733113852018,
 0.6072815483897276,
 0.515271201498387,
 0.5871567156386952,
 0.4605573137874093,
 0.5206125802458998,
 0.4943602968921142]